google.com
384073453
9295459138437380433799942105196048649510024863129015862764768288998872808612814488101902850299263093165852985606781774283153531879422295514356221456091780925204759256917135324575409767631190303098594592258659231562623217035266705362115603304840361848787039187490429063162750033158856386864879602055193489856378921943604088786465130533707061458102957045493259249489761710178552969347936857540660451076145217950840892002755403385471788789291510656421579017331457411102111734935170887509893200123511069094589051680368443184536492881571344189938217880736774915799406387858723074350715165328512484911372187297147214215333
21074384132025210070274144716412268305756020081215584905207681696855454817499943688687000869913025211322797460086411621693424405587835890066465457506192193120062066423763913917304277059340691502652918536758919053342626507283373489417254206734583333209566597219452338440269166578070257996338714288755345425758872277788508713027372263524913839663828561661332572922183548754401941947671132094369244891251271446677735962284587266740798459433281646746145236322415211386558743762476530090959339342732495599387851416997955884035782145429528507229479636725259141771573421749349841545366905765890437913059067619278555446681799
facebook.com
364826023
8541942479584255742441194218727249030151053448682000059872027502246893123300222020875749660041704962900749023539020071971751870861677460985653526474490659005889393898695726743854062207818341503827290502123333536407781673312988876919415453860807325969606677839057642908862665122890238671381953544102707220331894919382146266663757355899644619593126102363088561329075307830207623820180897052077168846544700196891497193468113402026555066547304481561583503350041001230435140123740305154384960055731145648262332576903638205363287042016753367152553433581142718595998943818625196866159380526714247306924698762262426998095515
24416383374857511482050205508381589950328823649131688110146043205730423298216078593217374938461906986575293745853760862643829335390704832728817302599470042903334006703934671498126085594178504406689963662731835370978701585615242905421137925765466031611538666817487507900475105418250106342476094426123313470494139314105751174135156749878132020734551173925271437346486147259055496758571717398802065058131270426699159706438394759425424983080262598195552255895541459993562237327536133914067623125777578054683187979578582470219189020526363807946734966271396004721094233922366406843421833296989831295066438726432362472805973
amazon.com
15726833
16603201313076266080795475397232260060144865818872037193494717422833476881427494169436056017525123889117813299616314475300470443397883503418726178414926772945776230585769215729924730400325334775221015824793777038817434332788278394014018417275179800423194623191464567393195696427496729104367153815536712018945968331714359905518465777505855434818050708414095292619282197258479493208509737442246817426724943146791968982500097237923738673780939251477123812823667600216079474244552652028918199373335492558678297751431903821830748726348294118159547671038202505602677897902753811859560869641630884585297309196554677560832097
25763718283718180786462753422354750018571081173188602538572459241674088398213264564298750418352713172858024941861948342527342423803494242262519259279115122068063299515460664881387922171230235057180796007080893575899197351305180450097495358164702776208797552863994658205380182714402179874613140709677867924180442610599123083193063299736402695808648981152100784115716802627645453180403136423957113630382757564233389726212926178299276403366080978918131334941237701307570057664462942421845123028443089000626880638237762084198313181423488895052926188888747768827387277709448754397411660009983864442845762529811048995205679
samsung.com
49818787
7527729792735015985403992821437663842363932461886699728151696372655147959863034508230350267051960919656900430819001167288689266948690671662232748780290693667218628291254699716161717809305699292919944920725506363484709430699675987714212889952623587969179632634159054407999977079261739291401476261416099526256317965038220063129623703564983184230972366447138132287439554744972980166428747103242632179603609019771201194479646840364736542360599115123896778483108951585519089956777852068132206748388600751161109124449967354027587727935529263634502607197821386200295070720231026645028776153818068559346589620041223860807243
27817200057813297105762299165914436187168055104820760502832828545152221524592874336297275804488846708977286767040472035360790419712255312280829058584855933736513818558572842293479701708801938732824040227158462762600166869874776585645236646997805214383818467244969233465519851997335546140557423244909457867642004105253854874073649784729330197376385339734600805874589065256198293960584026008623269253213352240924762949530314572562923996470045075068905860548225277948527103008439532782560795332054686828314732161287369117922592162401083513888509800337384430613236760113553688371827873190564486483149695017951641812764159
microsoft.com
1426426751
15844532685810796787410892785977403337739712721239009360011805393121522798531279704977007663206996371510561442118061456680317195841076717971655556837371335652439049702767090567503883115391594452438759269794658104100298194398453763548081447513720367604188634813568048721942031337930592571044266021977440755468747098520130951450327515117345556945434738220574646808937681225929594559721671321449730352411551535365110282011784134430801303252091813601629230690774923195635315562446845055439457877036313922999246628355474447467443029508199009966135016635523268121560480602315087819839015127015912169545074696313185130971391
23599556374452841007475378833560535326388945524652541434284012545511960739458079986573729559210989652001471874702308199386753816743440384533149523762126838060605418387616865507149785748235332546351513913991697687922197445724208160331099171312834665233170950645612040009521945197296376622457671292291283626627428552817441817753183635478983339683477109176778435557343298783051737327116537462712455138477435236027468132975699663622295340715080607125885736753982655566576198124090649046330036542545685014765647797043936025032941389409147514609800474393643445980045264254909440992537027650747123005131786120006023263763331
Twitter
748307027
20196487198452854785585195981183676276423909542056848578780976249888378163708149742369906238009566182413480289291456863836967247352888064397897244251402767405943199262806319955045775854045180977236423149299792775586383714129330212568732550495981342297169910287651577650706813290295884243678171597730297340194077018790725950271979181722602153636001374752693828975673489834882324465969861483660808565724901729324991418414751017622175995418249701062885990355120692227962730722497852820773971866163711170084601000606931054791610651754520903492836649231462795792476393143699139725254450197453944789166558478478949660476763
31049761798314636619750076587832783681687215672372348502838183636987361573973178049783228944901772149861001920466847512714518560304681200002017979007635116178818431024278599245188346086289553565905077693154238321989616869154560007338503917182133796156364548780821480133124229467393250885035352404085449194230649662587150730497851042720484934617101181196618572596547791500043751745491569814829883396468330874739574016394360564087669995154555748919681360928205707783367346727450230486639269603589504325027030059214475916355999693564669981009213151537804980106855379038534506265012092235049799665616406821887152223866661
Reymond
763730897
10937226631311826040531782655704566118982948269793336830943303832183422875264015969676316634985316008317984578829629239388392218765777514471350755902322250130493515502761424507208168749015940904616908741178681048163242590566010727386040465285410577733861779397716416015933656815694885761942892718980507270485140999740376456906403987120609134894754320312515340699002888880370651077064909348814354112134032600418543017766217174973722043018100083957935168888112030275099657810515910471892415105778131627663200814075348755091849969742659427511120004492058800441199175675164429103671022999823538164943051374602015680263217
18519555414347878755218309065817374751997959715190940658318661512009557062867493529612375689397738827278859509088323611435673295800085199220712968069700024043923648445268153447587957133922526347571224036760137055676029470622780252413733250099236830207368532016178213199150756779893229066689673655606783323472527380296104687256973758918482668268479067959088613507055894470982509949630563598042195209935808338978201158988568987056894800659251886062777985837948301358936487273312940703488488651678583188219787774830532019041607358515285719705595421945069761250489102390434016221444884821169082887127007781630410402449031
Dell.com
222183677
4390888575636696052950139208088777611271428622228954350432255828245699024274197235740645446465905481286833184593278290598288434561254731849710306984801835639851181460336782561672284809697705183584748103663561906654671655668779050862438464647184831778003867449762128441125668983259994225385264381587795344485421868929470575267917528567458310086015947972389957566378209291487253138838194274433362756675344647093942266846681222220722674044249247990716054338840338406219595004608193175654050202430191137638973907909574221060750416960375274576065838786656031731289578336952589839802322209815800592599235206537575732454873
14405404157561740316591467368758696888547237869588863625851012586736525701110523611635661535250652295655304315586759253730982077559824774686526226661495661079613570666539601011534711053068088301381593305119485488427823725598757069078540973795032843982895719428628140946726614292379625038852709215926580179763549718269439278544810678312394384342374336986214360343798681331862401765184073708815599000497159993124309268138686390978670234521035128409138075698361093983626790871896321065180789620167437828693405972161838562170376859984327121386693724138113856032446328337660041440730586855376266591933094039088671611057329
quora.com
515025937
13380608260778664398810674028364900928034994430746426638456010059476949017501726254267566239727301782976922198207476866096953548802052199373811209155306472855930579573838893431324816372690157819970510290799813211690829533884689489810984063083457216727982221012486691088116126979174505424112739408820484535965358507755006227013624379606600039719566858695168369738107736620012847397622819896461086728438294373009385859620320632298490954696863953512133131799517892774114876344851434427252525815823865102574980690403546526663438411710415994201433753674971395408603986696255831303381278336718768696426926544819185861209329
22730441400764879706957520570057045109157517976279407216572340038713222932867147470974152070969469250930702068355770964146897596219554812157246860494523548630134583934046511751710537754327146237527209052788402320588611970059882311232990167180778979506417326342626461386691958935395201060000682661501109240746705373812638619959444273754631462370205086353802892807579604996069160802193274369116211584180050384958122338692340908811625420255431594220145762653793416871666121498833813502765443523688544874722820207948888955722363506162405351869022090281138490469776546432632629781185263645787985978524661713761109112948453
1150043304@qq.com
22597099
7046924850491287377502905158900630875572465867132588497086244569476966228444762444066207173889126124851216739680435529661891844188869085611153140561772242111903753914363943832055263758053612430697848458358520795689390688081760602596307617824663156736248861207395363308668760844654155656948815938294905203269126115354332403639938221906982371098966187343867138582262793586079229315492085319579667564686338465317577815963938930673820088439172059556641735438391168047927595029680188710767254123685934687174561858125716671461352238128962158216539785122370106037300798917726843106353266899626755216520534038336363658832067
26348927327704788127645567786295168613509444983929203482167170359665602398708385617509495482574171784013882149487918618658688280990994876091038293865435026927167217616928627063765599970985335580389336647387292672497702433330431780588575032934174366563933753311116542306353581661453402614486813576348961344643566295053770375638254681185301019320251209883355862551640353859251016031508136358553469941220821423583115564475017002656725418635144166795149173535806424580699460590739347086107373041181402173642985922985444053588194267653921000001984794861292438781215704054002371886327102278468077299124260741904369387886849
abc@qq.com
709098011
4051105216083909896489891483063278434512665236086286199216206813290058118437255396852740292197433202218355322697064070693840927512491333039220297291305993772098043532432319666983040132045842086987193626722123768115013519890105397702394945173580615455284596410075838236255093545588155353528015278792448641496561192359632922660929810133290225927269247179152515698769825410764192135784068088938169279194404485533694576754546147914066907352934969352310561397908119802449538748103076977147388330442405138272723399099057019423300301550047899605621441483499308890934060444783894147755803649125761707108045877009447258099091
24819623767314178823906241646673580579964678103884188791711612927319649530004322523925882764676817256841662417490503506985665369977730504139964265515315744013144928707883332631248764612364174012258962588644228423069908686360758083508064110557586988133538128209437626059043280861394522989267899301324900800798872428945208702386204196193468682847207080877531467430516516334196567084127187647920249122971213534551984137247320419376863836232775423130981125021144150656008118063549795219253049631638136852451694279860579935096348092152197779597359058270112663886580669744660768679349182084071233423402147218117700505796661
gsaga@qq.com
471505567
18493436226264265600931045426978333973960216862922436396559148507888778718483048252763771129615836787624812823795694763657648702703741267282838986043555945949525236447715535033531699202629198927060103868240730032743037647660296376605221971879231531349995736504741938206280789268009569228226786455045800881912841956828346088588954143911075757666452781382702415160408853851239421834165841545024214937933657586110293924017708701366178713994448820736868630356710238990874173076659034127262780964083675665765984862279528609575738279439220958628121358357321218979731689144784088210986792186250042574781947699032608578259007
19364967125086808524535053012801820782703570363822892519086288263697598888883501542002131403660353059367240662180721967623823101908514326996456671219170851169015876280316178813030875140793830330802800660266287646251440728808170485778679266949961013183502342118386883525946709892146015716458795268324830172401587949029377067205418489693566868175717622407050497357802713651444272525220420888688148266071752538106693250112071689764931587876038021054714256020022171848191573793063936507962343681857587566223801040553030567611585884982854197115954408322207153160550558852840565687851555326408636367757045716280299014968979
12412412@qq.com
844830647
21999161673348115401469227776099457882909793767955911881435696235517776941153503233056991161414655431507158634420380319607572366629502854832333827250433560055104134681674084338416435537233506183193100089128451957062743903895871395425522198586058649452706405757576816772599699766574228553957233146642673379330244847401606104609217949004726094502766094809964303283025016604443640808386401377567514299689977970603314059938175764104530833136211070000047103223462483167986770084510955419311783994940412740038278147748511238177938443920308588579440715406510000572048691492329730081532001368867859857974726058711766369182983
28437648135900140656654051638859073366328566019327220624671422491458021943856711090831794208663376655395985387746129836425894692313136306296792030766578553044516687250746066887407486266120259601159674886767208886294328103521171121746420162344605898174311382591631080676360953982815239414242321241977837072599782532450034518041397536563070408716802428957256990272292144997793912387469504923995472814008961245842621276863128614564127866463638918580058802975339810597698338124999984781158502378010224484422666548172864711413223447964466856854002278746335506874852816483769354141535516822389351020647408563035848086459241
gsagasgsa
305933489
20290429937369440032264661705341720207903847780541168536802560823432520967773636342955691960533378123410800269859057191765911384439016359766351633580615079328266312023937664308541480011389921510867500094846348974909725088330459056428410400288372352808289518653080442844036876582863264994140016624711332224418446133199282190763543103593210943422438468767955661206400033445156999489351063974215974431859942697114262481545078621479014710398853009793817151884328588265101598345282847393921390836382104806461236237001727501875724497535207787094225273375714009855002923823801537364516667328666497250632347328069752913336537
29381151204038069899586209910211673844023732123695944765662389287221215910059364428423646619616128659116363352925807751375196722764178093036999430853347832613334574359628668249380322509697737810162605343237316075678825868253106528523498911585958812215545308012780102143718736596605430362423721349572901743500618610780492038954107806258155761892333903301321368375340893893400945255538479537852204204314328410005078713933255816449506234893358165481028992609515436765188429156200207767559338337431678125730806377428336105441921332244399816239861944822980312142581230697698647828244587338650154802652064754217598181740927
gsdsdgsdg
122568601
1126144992444278525409215815293977989438923595676355553439387909466903512442699979601542110209434495325005174755512305643968283138182205104201814936027247770984666803385389591270455236042121177327718988446703012917424996786902676954219950654896343220243665490027229468668321286397514463684659074526101801287289420575220770053517641013918522982077058705658684973042528221737291352051116817074707767016403057349503090281243030687064437392738591059398332920559454124847608721182909293674561185578170953112240507263455627846401791721337725569211655656156237368510267344472738529830717532071377694692897635686991252535337
19417106527505002589615504618600452867461859671005148348005278948327125569720716003783198865015634137068033378842525124009024536706441400692628587268125304422854113518680788467225004317229535236921087742585094387520513352420815653063301110017410907666429392207164306272942824849260176070792031310255592530789473390622848177447841740505200323328222728936729218778629699919514069596673912763310973838794819868157705054552734002594626503527010086164796210759005164477395174985592085525332159070167559119140933361160297244336523503960661257383409125225332168314087514127991200570334365422062762254555095574556527373235607
gasgasgsa
298611843
15321741175011238840062928703968211473479888427294882323213227216233949132377724732795193659586546271165626172509416663820482005119595421984377911172307620166535640696031855509869041598560574612601114036593386358211394499784390848620931876069999699883959016777101915275199160168986369277541511986716340253730117923840094234550073159725690579942263956256959070433091653251039660228147613155326429316378332082071051092030984155154476776924169138166161242341511479004003108934889741020351577265862181959458422932808665400224986274992498163396797838183339238225867474886489118304096488234677488466552158588460776567234807
17982632766095914742060781573399318570676333018378495829204805679985933327382282838990577013949930672585129106176349725105364247325910779728456865103638860423579269760528322740754020936284533295291512053524830398425172936401033556737441181193920585001785441482214827182838850083607580829551864802301562590025878960513726417495940805198147078381485191797613360982382659980348956339757625950840302882065315523336499047826305148614540129296991362193187757835415053494178952827728937502418995288681209846264328654777803809699663890464458723722264203187097588298826006762900944457506161320057279433623355319784972883485913
gasgsagsag
436480967
2787444739909590011980373600296761376874035274491143094394416491175789759113567453878756173286736954483984637310901573782113755840392358851635907269417485499986086079382835111337069382461724717438214434147167240563487384220962896180690614526224276539536195102825613973124546842803299655617476894743269503597362804481241146070885755091535436865089314953218327514637040804670909067404165140969539166486412230238583333758977091246863274965250116209687884768235229727447626838394652138914234631735146366880484495763923271984431269201472788257526878078820705367768249961222838595010443007442971957625877863588840318011383
13253596374918183629877691163775093664947094331444444116420723358277500623172386858528001393756445760002863218284772572694480376918543780390023635305884823788692428752955355761244621149183477222613393846244138687035818333715034322344384823597930101996477304605031633679204811798593278692724015757187743463192968954885679323680089032852089414868987653568583104432069315154396024930982217232934409987540959245741028515449495248542597099889748850428577459290967569358032869287692049553641351234777291149271343930880334186588705038172711359999958826425383739146609031871748842445106782785095858459731237141340476169113923
11@qq.com
103547225
18857609045088343033388490333470903520291042645632431195615990399207464273351103297000374452991849173851732449773978336678938256891947061468406467735668791570148122298906479453764290250772223041716851479289537652466241021206137156357063277653937329511935376222598306204910133972050968677448498653818884056478445128625253283106205932856732464808960827237201948968917548412659667948329488064771435102137250693930212036683396094746425742272636622136060239000763055576883656108771980061386174931409318918241728290091934130521746612758963591923942557321814984621314148532477070355750262077184683424256922056158469841486041
24289702100038034516654668776140004267796706993971434219892080469555156821205910706993470153327952362764108581054325204285815128068758501344454498127277525404069106155208226623013995911116808087174139621930063972826596168907604086059249532927545547113980347336295166281898097769526890182305045187235486559227377333271146165924886120345561538196114912830407568153504334944475328198726103635491473017454335071280529087800890860298102813928167280815549816158577761697146583138390525014907117248521187664792303759210908275204301052267823600846121123889211972158555549710708422335223403589814706038434245599526892150608131
1122@qq.com
14395391
7528266134294812159276730519322252227301302330067851220777258531528038968335282122239751897404318634756113670856153555219689181994187288745444871201654081885248378839463015972163229647585269545385822754782281595003398573699368428646966593681085974789065911375431742003287316606622477576459237030726413755270154200641562969487064734115445233634750692276925505618704313905161819533653701525633388268223912297950356920147227760728405165756796110038560936399261360707342707747713202758836945322388829241566163259833338178436341648926246212490161543078624678112685215453628297634365726490483883985654476275434905721995991
21711067428517460796278929625017229207522666080586207198678724687965361689220288611531524705574067129547079653363567338504754650044341901321363232115189858159719163668151038011586894506715853775539036590241441708868323980014453362163672535155237081012119494848553235033307992191861791428362556120905770955655779115972389485081900471509402504444510991490612025552117221881957422015397174378072299696985576152514993544159812016888886904983216619882099897356892079909070765036171063329680129670420839801243844965381777174430038817020514829479302644042147946808461222061509465285222342173337869409807755549158882290442239
1234@qq.com
634469775
7656725760354609704209688430851191834887595186876311215062559272928368369855464689847925470466995637383714851741959190156426547158744975607082688877640990946462782755359974880708994650488043818021746014568647771070297687945706758245210492652898991769806893564106712119117715004860203626061005145293893299731734653639376215827229642982488940795205054844939577205724830163582994422987816462709502065351969282570206535208570278788514291669468544477985585220882784729472610504067110950873305590337010055095688810922374252956789377116409464539405046938994454190586340467090869050496731120233177994205187985393264841178687
12990067966352794123420334903434391966032004068497546643563801436837170743464189897448683031097773655848235361597922310053181508205652943593996899805302461641026720900698643986659867878642819876951619636259931678072976169507778660013850219056801084685026021304261175966601871443250919340337216445898118772413147490184394982567789918311487938045932514386749408232747879513590298472604006689313025643693262967651822139929289272754282896465159171246422109274711113082853725773435740521244352967581714286629915955416021077287828382616901988570546238773450045006383439243071568939083919931891536802821274163723647407516851
server@qq.com
42357115
8697710139318267866524319754240880635618613851154719605130845834437053411421567286256540465356280740926643525753830915958315492736099141351078982076963037640815078650248970704574019986822914479355494387534731066820161088169494516897281324825210590097402793440715414388468243424857836238973580247335865662584341852442935910990646175837646194495229328737445159570717166299525230716309734718326779510978806859667869967785485406271580294888057558700450374511162448047589178653396351790066629925097457980012639858687153996252382850711441399965988331507090669035446919037678059716809269441575337434846948129602003625892851
16477841906594702848325690640826464043452149349368770763122804615018873044716709908248360556669929316061601425337948934099337269188034402053757818284923843739752859598994522238417618265999633473469903192807444165429784478403131579904675665976014375947754628949896295685981037242172641999948806479845900786140177834131327982145832302746998029101671563705278547040755224065604821302145220623187388413070558559740323861335382363227130232061727503624526799532579467044800354398170046482814195359794396427533184856767971226890085410788652913512762666174811638613908386348498989111993294747981815027988539281200675587471123
sgaga@qq.com
20704151
14925830154418232338070818404210396197590021204814690348693671743891248169407479593860625748478634926392470160190025492135143646438450299722807508088401407439185380305995799229328403401296462138794583940883663084335181674686303844376648092396662089219555025876811673188345990585076055049323466177383016278462193858081366299868689257690074538097957107646141594933728742734258847709778311001446312118421366863947581507407203092085262899631529308818988954403810530699436103306891434819060183800555717710562449870572756359081316196089386749946622225661162469830882485317685556523135481621702079563467061693550189204556567
15149423744886696466159902791947666471427347574280696091677606117464766393860964891011943700132650340651439039786235865458797583720915354742751370335788378552021206523934625656170813342606965952001645992226242576133083420690981262996845905936485746071129256807971786667742893660997724165694400578193885212993042404984462555312763995289748530367817572896217458211334635507184687446238025667644439922775025066464790914608068426617698348094153187909305220684471713165735558906623281232832980961028917019949665480556677757765338158392522275574713903951868415376705886807127457982981981169547283599196279326613663628766279
bbbbb@qq.com
18133093
13957745618683153126352184457750329544127023648234200755935448991660699999845456456497028533772424929390037200817509707961988906566360023528082097118668389358829676287681228924162877666235430457228167323930945471440178321791805271649271276041875862459616829901967860999299569795374927174600363058132655760645304294955980663074469765620228487361462866076853086347202682989153978118082912404889050082332391625656216081792394154037535444645594593828508234810037705977419555018255892514721505389828103374055944163803858092129435425011776626734796279635936038315326963553943579948628928187125107125595200953458058612985517
17745980753903908316480645723098898579982944004768264920873670276357356791925861165179748135058980090137993082275445006978757748020880967846235223720614477955703315162793963046578468239236372818507782224409575465949770196776135472077350325078822359325061694176353325790658554089122901988775494445562430510982195865692646029060869550669043100746607704558419447938978009952935951763057591008108499863861138837050878423201025987515396401918499825431479477092503083555799754672161949428942684586694406206822100228479082788343883613910026348173653862576846080073185179206105451047335573575428758809579860086642832191809969
gasgas
39157973
11379031053429673104065053223969265606640694262648086691939787879542994289869982803458399401326117199305035316379961300101210538905723301278398779583897956573050322936849771276180199071352198983313670403103573709568558549218301709550745384090779335911650657393265549330986466247632497741617611894606905059704853306863560948033260497133345517444432449796234175088183126101651690092349951406814169765848771091173002662754919181861984510126660099898869776855843846076023164244839969630025372230857162090310027580856991068841570029481981342666320902439588874626634333514652598796366401698723356838734372823893598758391437
11421989700270441118685073114758199288171283852394250602351117414327521715758148191254827339422233908381290477880015946661813114694481051759966071208959845277382042054270447780473955589583003136196746753304154043149790791213462252032556040912197130761063204448116841245263955766446543983622734022690289569837852739718100874504852801684215433683796614581683766505968385733087834653202477516530336273235414954398384432526559543725513772771451465045891160640281832077358334872627794129641741074167351006408730412445273761605569066219345932889959970205421695568365969773050833961220521057965223613676876576924433091028991
124214
725301601
5163032715036244190542964831021875634405855653232505555297062292271025690072911347994525341564964013770977997510062293833483577440997690333264157628077027273298970075424133376213258662561729019200456683933317064301485199873717980554360756941500150841172620812307217971092950835913585341687562476840325967297680334646002824293743487718087337176293586495239913536805920241308314173735511588020851036106041932881326411305936037517199731290569420565330874992937558084097226421114129688595379545177966227843498814470760146489938694249313170462795706459925148489079517254512665201798194468784638737337154460534483213213893
15126648227882733941634539030130005530321588941202646700590268620213829530248146673662045755960140443645712311723199546140102785772081907063088876069490439889122913649723440354155699183858438639963435206409483893141183383674879360827134949962580303034281487773998854469648546604972949612573292655871311543727028296015064418709580447228039666939689197840022318339076437618114329943673866985955625579877925489443815866440588387256154148672394548028158849141709212650848054241708279902506175992162018008820428993241640360208140533522691864838530297419184802495743738152253697637689819860481870193170532209349199714787633
123314
362643593
164748162061439836571309148259459686933586664405277770744929139762269314139960315633873650478810376686587883601861142984572300823880092549625622501275316026656946226634018211586858225331815477668750480686672827340399727876884177780841109230415110455941219153918343924776864518745235570079580858611646728916093855263742432350538383301143388709469275500288569732907079490162325292273488448351204170899449582573716032423501003254037192290743111877935546806662174680475140065084803708865827158792118928929744163785529343235220744320086830311908804203020972273100117563130995823310831109920248830471550130096937574819529
14069509924533100356972930347604494130744184520422827803828363549181345526550072505740032247889089615599179499196545780706381357003400042287224599225681308013423762261684445291582389162398512915697185440936806415916136011808462984187569965249021240129453420451070344762243438359061691157974847559584505540997432042950428219431370875740868935407859334005386719652259622063315390798023346216607967404840077340452546793651601576422438053276803637350632588967439088038134259511077816744452934058591870326925032786647893267708537738076702086601296142936503931941946454051998123323102425103179330981298820019019987961668703
123214
1450573411
7119193423675047739841492328290767812995403249429145457040145457618977717073496703266241427465909861639274077079150897119125899557814971885726302994308751143730493676419698684012731377527986025698865614816868159310552359225918857987077567848875472058222310884630404552989475608485008105245901299480891032444054468767101749739556700145779243303909563099163540713235172796504479360421040637031773166811657309026620923500819444625413796701871229928813884238123123159119960904336001309547079728579090783383743198198888851873477160525373218945865355387687291259733338602111082191874923083563746177333732814699035824942691
14533274056273099227009913770851071919374945743537417031777338902364199546267678573913580791784353822530898332671736806187723610564468025109081370531662407939998917175263039021763426149641902682798418954031432071759656180973622387600319793158993731376947078635888571398309843311983414490220617713780880429374915245173345582156874307156327459342936277707817161023881409236917791697035613957928812671430034703778419906241851161333960032190377718444631118048572460903604801923501627949243550385766764586568339195203949256831513779898258781071949586372930876560749810879998754459102731113797749137225215019677047548826691
client@qq.com
154095783
6128233687016439283769661768714637347288018507229006304984292907426986799447603415055844259083001568742460646887310900168886358764531298575332969124942797006309975496373050587928781326648098237574941664447062891733514890818977667399884328594924802940855485897412608214440178864847376173047703757735815560578074880464500227612882130880531683509683158340018060392429797416579938044997598770179842394542259259174863381120330604652224676111717902721505250209784613158831290386260064012938801774365326624476556064844658506574525115609089617586659191873380967631359319794431183750855576133198636427389042460663391931874511
26530821838341580920082397919194344308863130734849718050668746039068231083176354086360971345257554190578133853190074427281771300193332744336230985616907408919037903642724759488744060510779828752598604006264037513185066221713148714836724886808899926296095000065243051365775160547634199024628175771110524972812716533632339944682167603348572197851746509703562820893113385938549331235958908189682884110303022431260031872419203354095890202303390522675644801987138298685567876354825025459364296818431130583439048229569268127132198968609451423357943033780393085665395856436986507394270505954238225064107971478779669130382631
gsagsag
308714631
6978494143160797141984277061962755138452367811974501185541124191590267720418231686522789947895386534484969347893845126111566006960980118439639806849468188247836822045551048845015402203424281273431420128109059030885515258081561105543721668046318596776289964565317356312843103984338328561836341919024886484066438039937515224669388523209249358972878333469510234309266779905890034713918426346181057374074930554794124831898693127564004163516512889249674213000302723180800478713241103382462960373079057724696928054519635682731132761417260560529524930549342505193350084953070426987338016105019702450360583145416613555100407
16200764254927094590265655413502807029653473999360031182215976070978446618745097055373559509519310676370707658819070962653747941038306893359535283589838111425871764476852253576876841233130763647809521909389505371919158597957240868038599093048716827889707565198548047546105432012658024676266953699627650624900335107249440993493342036964874752191150060097325458221978702245565463433177768326837085624280919835446500975461265806847715428439477678353344393235611459632408878793821644924577565417340311898754094032024056536630395098194182316690184770697926108257456915489256518947020852586737946873722913590677149453003963
gsagsagsa
322020629
2943269487901344532173564291268336422649695783425462657659964644516027626444868773882860421014231142391514304320412338626242734448978533414890067883588590709258349560444656012676881994890555371873181965818185867043972740592442094611501191951070895859711319571734366479412069931434325990753553518425997475813035816596040572165947961549182515501358478898277480193396514931729854363712636223918945553001076408787489623176340372569189468795210015039086507466340096485471726978596835951734589424666261661385571382011455845170995106422851207291507661680990696682931349741472533334335042159937253916412203585682247027928489
18437497743404388403521004802792389735454033946925111004316024206721846938132776697632735577839631582578721011679657245064948102677220395610577407640951810890024470002556360642710947709131622072468947588927129122885374849264095740892690409202891526607044967764988789963629370087307705678741757376945495637866619007161921781987496835433070042707896503691114917127701318211430509187174372048126728740626530001520744923878943799001340304474800577568065150565141472228303106075246589109918746977142122248171341594994714854302233216632750393222949551411259547360176912598146177290869431245136181916074638871169327646334337
fsafasgasgas
451588849
11036931260160971211124572346325673229146220745122125021584084717495965254630682655024842298757057527275788087503113951021577942155553865635339851123752384770019063853122935373709164509946928029568339028253177316791818899546874725919998477325854275951039849719844747144409772602752371156655684093495973755665414546785229925420702604769316911156814285692581945338455885890082652981355655505744758189238083597872609555678597221764494455124012184367033833100484314105200052762414829156345175326107465532668977403280020031169311367118330749732467741832005726201838730235843350867009335636531785773690895028136477820155049
17845008976355320251746723262040755145130850718898485942251985721044619159589465500491036116158277223145428137472047823485688318695553065247735822360635392874606654046021474285260371889294721525228918271330113282145073294420990186822918459895235192221746073667438966156081777558317610018468290198398371394478639702349626849422508048993977640573056916097634733525184749637650282971017702735681338818576625840733731715390529270991628453569836897860041699864975465089898810667087331853072943992934716477319458775639298122040171791445405382221832178249715317529457403080597588108231398055898481413558166300601134688860329
gsagsagsagsa
5131
7828722385750661805045014993515939297406315948178005595763281286767234291228253745831962845003667176070388646663418277646245601219254920392122321145649221531902196004736970207406736076522689008449365252996815493013976794700210528775615061188967079242415259892133991030878498300428419444233223338064938714602672837832652448672622190860053064260314446290183660611087889303943323449513934960905189128098418249827024949346912968288338111704428225546545596757141994536328259447347971880101336399112322248660467625844666888230194809372216321145477049386961731502329041707034457916380395145669446903354687130046112952849571
11586147840001916850789146793115167157482494124632635336562271786098263382835930190327026639086765584198778236524372420710379630763194980251508402018553837807957937034988576329450234441487717710514477390575904324965305720682659424040288687326388832879386414337046295927152458834582699788970484265246957180451994626570992970943398872471185302706414850250059719074783969173862140757357038197826713098833432488689931877527962205990722511579834427260359916846319781150906662964039318057438405772884977105854240510412653264695345257282263380591297953949142395885058080880524621894232916227535118535967199811799586184283551
asgsagsag
360983531
64380376649139550074767111176086361527015510141560619665279624024525188420693070111775145273043563555853316560418319106168404060295655728772838117163454345137930028187743835153549708819722099358403862363926562691316967105002105335546456135785811688270401302000176059952557073869713536971744886479128516924616151737228445018700455208463190574625991058698857989644951928849648834230265263008438128545597941622676645499028116359567219854943798956484374847377389096994392193657937077031548730393181453184899818857032200599757338618812972389982638606414542896159293334375520127154109302348386935884503290313970456366355
9634920019400777127242041036270355843433696287224776536707512411549809216811547314722259744760852096158613718598996747226025265401093787258330507463272641881418267676252546773709685754888144894141195944161285138674351505615681922808514932897325287296108324820516729811184901783981593746889421170070208874078980966053631965675151028002424880270979314313199924428185721844507137686254572676148393948558778468254793032762063832027515494652192123462831039776825512688514547607033662751078122875154158103662648749137063543117812043390327560990967141320033716201855522521794779793005713460913061508084366362464419152716831
ggaga
98287643
19558421034438300973529971486271511900437339248201327066537760824598113406966381490078151621196545407338738466141195069578596661369811625289556896273424205922970770360122611577930062157233818093576017105193437277969568556200667438905528518370546694793124502852133972918665102225662079653584911645236800924659765374177193928334634983199036637342865928457705352696326828426889125794261594120963049269326772623861047257275873084402447415462039037989687808689082369462768010567083052073223262688620963634528079413338931544694650857530720263655073854372260980131004045430133280228258823298401210322488662884300343371959627
20255148920767515094709362432033799255478290966662905012705789755030743892082506353298098782377252828396766886971459360352187131713856628648799793940030324062234206459762595092374759544625690260785460607755544491459443454933066458111904027895531172630009906360890983680665784251176682692135784408901940171518568600649109090132660414373025257894105955537701130990415244174790320241269669426746505480820625607799945489526687012907018797576559758850289026175842227492955128090214235057588670678504224372672055397289276305137332269987411317077307671438273055422842230620476059902668953050407682465925159389524265991951987
gagag
98114483
13240626913776575488773224217877936678209909601544344450358622251267380748700212445795422328962629015360407501203644364031378725536781996756521042045786482440512101447834029946754919510605848439958631389061988399667876821898725773620754014056717632564537388283670653593024132170864668695000650623760424445211370500102158436339163207047763672383553984110539866577991782787606401375675560412454873333661259854508201872189110360891959954135170872774334792784480166461739775974182548801269285064751887739015766732645624250467030820353863703015464684066048691420653011356560283311140585527635870375477083556038704335693687
16119051790793378789189732835741169971277387925821574976509145360458419265781343257095637864369219107074683488145305740850073995465739561303450727852763983381812267516344534781017442690727997351349175418688181464071469950167526419121656838019909015150582548245463431774467091926323986128631166775434800709082148087246739106441551996168010825814866521077851401839258142999099190491850714827350616591972796155931358939827783290624286331600490569793008156491287311123854576326899651956696147344315131173923883024512152246064342935450623624338525087961256440889463943687716300369159180770959957873168801289590901637387297
fafaf
6074375
7337403206470381202121235599285434037719055655794343208268445574723581677072719335760636043462813125951445007917448552214327562061811702787010204793020164134884003570921280984795102842563670475962184002591763432213356037207860448016448533974277848788948656485375584505807089848383670080412183886089234047376174666091339745925813539896863473950768803710468004875303797424799285550988553745583428755747213366646967747669838706301874875411824821323777759538920359463569816850205008901912662921060227733603288332709441414883744395910250940546399394976867461234386244975200598742477689285342460210248157053312369791422895
21089495269572084642870916551918209912396150386118623913873380657799779807648786241175166033246927781574315643969805515123352573340641115878701054253635222194595304486562033150678818835457352861326372978059016806979434649272657087822742119646199150904342376144364559032404446428625768824790115692846340090372378478078242954532220507352068739360418439431566505938970411586538939295177711295199770028441358811853891620785723547701539906679385241774618202176472139958874071803909017250486946337183505653711597225073888580158887745630517658935729008510951765890713394461772693328147112387026498886428822145942799729460359
fafafa
98621323
1548088891471237589034319145220073970973528720721910445145709756876196580824755433261264692144935096072377016366216662516550389381835645958648790286364615694967680241758451860261026814571144258063236041428468014630077489458267037640450297607172722942978412560664389936864344460504883075218076115513938775553102491836799565793778635868122445900882466771661318064978178189328286235135008390414610907138348140538568660118221725912894317641667337968024420100177181878451411553539144136276853888551883886154649193719071308816254141885817863850164086562797256750463803432050353401160069852866257052997840840516397389981187
12105752165046313797344572691395335137415081126494407288494957950850140877412281477752243869363699668022751908486279984727458562570978208792598370691718085185743397752409570266267313021526606749525700269618535166683735231646332055057915623188739587370827447190271467307792797647930270739712098366354063729047480335216253368087550995621278621575279129268022824524108522298702669501197757224435468979768911267785012713489799286330088524333697461317331725270026290085058374058493448515180733724418848885313230163939226434907489730074964924703436109754995180539327679294994280902286419727144104661311604176760990043951391
gasgasg
63334483
9117890057797515424762801522619254642357647736848293981143282689281870276706003305743595636657950041063183451247967242029863213674125107066211904027971123033659534765880103778430783418391384603196669876830898434131248159891300223441367248798785789945359083600793240268066682074437651148746585097692670890285106611486548496955216721601194101401602650395692185163835108306625160453382137703895032372165240802711373136662132201236583150599695711833421151566618042315891173584327279060048744243706848095099049471072211634342170803802853711087787917095654884812174462343098864674310223096606872629697614391257610140454427
14878174884676531470942569567832197001915265526794084136854952335206192208327367758461751991901288065933786768347262999785906905132600102333951758877059292567274866153988671697587421259772319902331912691183737540412923810241712295098862556347155485115983585306978119556550904468520787891102571187651598994503368885974870231665950612011212410971139979821254924105766002121376360337022613514219367574301828797423003272006671128448501598324679253642000424025445460433549434244115514852526132472426553852724277003776841623410938048750022515982996865906152168852095751513224231901277291127854927096040550351925316553416237
gasgsagas
702123167
384932607139999213418621052244653602579665438940661874701472154238611182104080703115333977810970050513912023063845898098826145762402175365160048803405018229896259167838466576781103111790631651947762687334718025788613432749909237602307760372959329233025169185808944772332706657121896895876561324765093852198595599396590059929457134572206645176113385386546749299914894483040960349050587526616478980643272948490581685520892147042902944563205361699463344582028529341094789848801772697671506479097183437054034550001248172326970039347005802472882926812600792541817886595789168513712553629077208852774258023977640483355375
19817583360502953029477359918979326739245375260246387055182772977728537621756765882982010181582729650852095432987272461063789793724855530852164925737162334834652298102297077342967820589014208234497559270946306615866711967486167062736212146959003010529874537773279933139114732507849771642184671505276637768112272732602386345842306737493775777939342617681556891730344536199788923564020381978829886027369019710852267458182306469089157997235182030740786810114147583455372252472207759911368935657261752807913697860895313642130558270769423224052951142239122302699029453183154235428256476324220639963587351940633495171294527
gsagasg
102899297
5920775386201130233675673604239179199678352527837127954025195066450461025689899925451315576313015416986147190103725005121609699170402504599232784648848240328341931685988618053756337323801277932371660560052815199371015298802538550384140848153912927483826871792190120778745870818232401772220756450029476287961703450069335248827129154297237768870039399289637054690330347115522891472657364182796771469531184567636745933367284145005119412687260612559732128341758901713089354691504999004337842088448822786572561496994562422629705912537887703827620962337352931138457075852359396197034059741710359014128559650022038754262497
13752864653713799940366515587360075626849942774224909263287074298969496715720372595792222289967893883299190761016631876314324577345631218968264992669175228735014275952694741985727104461194097196143780878287803524693322388331917256526311558997289038494332676419790027812071907813486064189474312213367972614649061522320444170500111943686442056361584888578715034411360921497259187139677147403743788358878635391470366208285263433624284822763935214990108012899520668525020597851345120716978612321864796909027122316758121142546735881905645381557210736368400840348141537771279239489279955808382946449080404930566751593029319
gsagsagsag
696352505
9954002212462251907120604421870718412385504050569901442042322302077639647774977793290193682900032878373003708434765781764989496990006448396607589610032275842362488041803386660925732143971780302576880349565572229334933683244749779078270254252750877217541371290590477035025345432755403629607544272893168918726199212118019599831276609095972768724943382590244085378707312329229068127312275787752991139909985351156628182620423276679377554100399567645232247925503586314869984629097658345837378316596514736318264992548632370282589466289806975050538121378749670410922646880580797653477302766698072334161698733126605982967889
20459509580607787611045868475727847245804551589162364349214330879524734823968758820584626859381718046398644059971547522167294499548938362542346233900528863517286046511176254211442026684487248582254509399571694684457524317094674071009039960003079943072316220403970847689971237417467504794892978824358115015794327533861687789512800995686145497850348162348206558850711273263460222266464367319856104253695120670921499091378375177069541690617511107442367769103564049305668706434876636177181793270633800762387746935813447848091232388686825215686146342892165421831633555750357060390336794042553921597997830549919429025781131
gasgsagsa
702123347
7231258230052340135934750634985089788896681253825952733232456881537460270051620386409157760848857144048858017233354722146028563522398010862072189353559197463875584656180803520533533411133438961452579259775803893957633181288067434710896616317872654490883750917434450333120406895504249755992353161534070226196290200735273487891468536533419671620378820534681290029775872771575291082101033820256114405669024014969932054796622988765543598344118522134410291960376378598077971420805222309880779441958294200222766563205559660118844261422770635537064800068089349302529458870939779365022700887983273337191212109592863024846043
14587138021097756175252008038827451557720277943236874292906293305116858278790013423852002354365394684942688771812777702814484448828642732343970926599533860930498139636749887317601167901744789762063252553225804875039776582644322466016541725070923229311700274461835815761288564344864818292131747145014863630110786868842656718510354153013169660362047415705134330541400992552416566501934024585824823584115752550235838468620970907681861862164849643944190304406016590958258127629888882293926527517557127924185025554064093917864268016475190363755673379981211522784774583466790202595029492322384984596218394145424850489304889
